25 6689 5218 9495 6245 3119 5366 711 8746 133 3186 2443 6539 1828 7695 6577 1607 9898 911 3612 7968 6257 3825 5176 7037 25
25 519 3249 3786 3565 1693 2386 4328 5998 2373 5172 6556 6777 5741 9059 3301 8714 6688 8065 6979 2457 398 2134 5994 1400 389
25 1066 1170 6053 7000 2000 9846 4031 6178 7755 6772 8242 6590 9853 7128 4737 3427 6193 2219 1514 9940 6241 5571 7659 4709 7376
26 88 4948 7975 3058 9832 9742 3896 5101 1715 4964 2756 5419 363 954 1205 8706 8684 6928 3652 679 9334 991 3056 6560 6521 2581
26 7499 3245 8274 2245 2754 9199 6902 8952 4675 7021 7353 7619 1749 1155 6145 8011 5869 8205 7863 7985 263 8414 2630 6564 2502 1339
26 606 7088 9627 951 9130 6971 5844 6426 6684 5005 9480 2148 3000 5416 1811 8756 5897 2628 774 5159 9700 7937 6562 362 8433 2591
25 3817 7687 8978 9575 3054 4400 4105 2184 9983 3 2340 1463 6847 6464 4999 38 6449 3627 9 6978 3064 323 9933 4100 2099
25 4525 3276 8832 7683 6526 993 7629 9089 9790 2268 7743 7820 6001 8852 7304 8818 9521 7938 5591 3264 1261 80 288 3324 4390
26 5335 3918 7927 1500 5428 4063 6331 2048 4472 9758 1314 1740 525 5333 226 532 7992 1665 6177 850 4606 1280 2092 7733 5646 7613
25 677 1784 5205 4733 378 1182 3901 8864 6619 2859 7046 3628 8161 917 2579 6194 1549 8696 5596 2138 3690 4174 9726 5168 9489
26 4742 6662 5554 6352 2741 2126 3155 3425 1448 5122 9250 2834 7272 505 5643 1708 5207 791 8391 2280 3480 9117 7316 6477 6319 9287
25 423 8489 6756 1386 6601 9466 508 8413 9219 5958 153 8842 1370 2222 6303 3206 8685 197 6813 2379 2410 5244 948 8038 8397
26 6466 2738 4665 7557 4007 1613 5915 5907 5473 5715 6396 1770 8896 1196 5528 2849 804 2064 317 898 1226 976 6291 9865 3507 1880
25 2920 567 2455 9353 3732 8190 9496 7167 9056 7237 8933 5052 4026 2493 1712 4670 2878 5383 3677 5057 5248 3472 579 5344 7379
25 8175 696 9965 5477 5650 1453 2515 890 7006 3201 7939 2560 1187 9201 8634 8611 1126 3788 8452 8525 6748 9573 7363 2760 5919
26 7475 8189 3773 6856 2470 7745 6657 8987 2534 3907 2244 7417 5128 1457 6561 5549 1915 7589 2843 3917 8941 9916 9929 3315 7113 7948
25 2519 7864 5214 5240 5453 930 659 3710 1871 4582 3052 3982 7047 4945 9236 2050 134 5435 1147 2238 6016 6325 7050 4043 7432
25 4094 3294 7638 782 3502 7118 3981 2374 5039 8748 4970 2903 1477 4118 7199 413 2435 2886 2606 9560 9765 2128 2998 8239 1206
25 6002 7612 5535 57 9118 7746 7513 9823 5527 6861 9460 8738 3332 1769 3953 2779 480 9427 9793 6294 707 3959 3020 8319 4629
25 4839 1605 7768 4376 3366 8737 2558 1292 9221 2153 7860 3813 2980 6497 9066 8483 9891 6368 1014 5430 2926 8538 5174 3650 2177
26 2735 4475 3129 3885 572 1738 715 5302 5670 274 72 4621 7322 9807 625 6022 207 3576 9196 8888 8163 3969 8906 8667 9848 7433
25 7965 6913 9267 4404 4139 1511 9284 2874 6203 5004 4620 3413 9293 3526 8570 2775 1432 1669 5817 3900 257 8377 2747 742 4528
25 5497 7287 8892 2934 146 4300 7274 8871 8293 6447 7914 3195 6990 3517 7845 6976 5624 2911 9792 8327 5029 9329 8949 5593 6834
25 2432 6404 3317 6818 92 3770 7081 1584 9800 2506 3913 2943 96 2517 5403 919 2995 4995 6943 5136 4348 7700 6972 6060 311
25 2465 739 3910 5816 2900 3102 1943 9789 2863 6312 5862 8567 9009 888 5873 4313 6417 5269 9061 9580 8375 142 8857 6845 5742
24 5018 9449 3490 6638 4034 5526 2989 8136 8545 7018 6020 983 2378 2761 3944 3766 8971 870 964 561 1119 524 1513 8599
25 5860 3236 9805 4250 6023 7282 7457 5700 3031 518 2978 2279 5789 7480 2575 8269 9772 7039 2113 1115 6507 2597 7150 5883 4065
26 672 190 128 9795 241 9570 1391 5933 7898 9213 6442 6142 6802 3387 6949 5079 7390 6108 8858 7751 327 360 3292 776 613 7110
25 4601 477 2118 290 5799 3326 523 5372 8688 4692 495 5984 8246 6837 5774 4864 8579 4258 5202 1951 1019 4124 9966 581 641
25 9888 1438 2401 3199 1245 8101 118 1188 4087 1308 5420 7354 4501 3598 7089 4915 5096 3734 7420 3853 5720 9677 4573 1035 9049
25 4008 3527 6450 933 6584 1256 8631 3469 9299 1402 7790 619 8812 3198 8558 1076 2431 8451 4611 6533 1001 8543 4751 9245 9754
25 3090 9406 5636 596 660 7595 4347 4689 6519 5911 2762 6977 2688 2616 7027 2562 7469 1698 7577 8226 2130 6494 3620 3325 4325
26 6916 6794 9255 6220 4914 1565 6757 342 2034 7132 4198 8390 9969 3059 237 9443 3486 7530 7801 3665 9026 1722 5683 6894 9372 7013
25 5324 2233 4084 9654 6729 7191 7103 9420 6866 3123 2062 6945 9386 1405 9399 7491 3698 2877 3327 647 1423 1944 6062 1478 1143
25 8310 5213 8573 8093 6216 380 3465 9667 4125 3065 916 1974 2102 5930 1162 2188 1374 5048 383 8865 5273 2664 5570 8845 8722
25 5970 7711 9503 6475 102 8595 6098 9106 3328 9103 171 5681 4155 4738 9468 3037 8223 6844 6973 2200 9776 2530 3232 819 908
26 4618 4877 9944 172 5263 8094 8018 7726 2192 6165 3399 9112 7095 8135 6668 5028 5290 2985 9169 9241 2019 8556 1918 3848 3145 3539
26 9409 3197 2657 98 6969 6784 7187 2179 8097 3877 4459 9510 7897 5807 7970 5145 1739 7268 7350 4901 5848 5543 8356 6306 7600 2418
25 6663 3005 8792 8464 4481 141 3657 3498 8904 6953 2039 8931 185 7517 1440 6890 9887 2946 9646 6433 8453 1569 2749 7971 4836
25 2720 1384 9806 9634 4659 2355 3843 2040 1681 4272 9939 8060 4187 7378 7514 2929 1552 8683 797 9614 4072 9147 6462 6076 4868
25 6277 7156 9078 6764 9457 9234 2906 5105 1592 5061 3016 8247 7721 1214 8733 3876 1662 5024 316 4998 4133 9476 5152 9840 1973
25 769 3579 1869 4482 6048 7642 8956 6838 7647 4290 7403 4963 9422 9961 7780 9794 1158 3140 5551 8468 6210 2755 1056 2805 8895
26 4855 5808 3430 2216 5267 5660 9566 8229 5026 9767 8628 5166 9801 787 6166 6487 1848 2161 4203 3965 412 3528 3676 5910 2981 7227
25 5235 1609 6951 2235 475 6589 1480 1282 947 5314 9237 7551 5607 339 4239 8577 6448 8235 7183 5455 2618 8054 4925 6397 2717
26 4309 6329 9559 950 984 3364 369 8928 8807 2205 5986 201 1167 7622 346 4707 2266 9280 6005 4965 5547 4592 3519 548 486 4796
26 2571 8425 3541 2635 8445 8412 2292 1166 3967 3404 5097 1989 9488 6315 1174 1070 8716 6986 9960 3911 5280 5322 9682 657 5813 7716
25 8708 8736 7372 9871 8421 8806 8486 6800 3443 5191 6829 6891 3525 7545 9415 861 5410 7087 9014 8265 2729 2508 6889 1666 3088
25 1305 1372 4630 8856 354 6698 8645 6386 4263 9358 7321 9870 735 5110 9904 8206 145 9773 9129 1064 9211 4662 1341 4177 2669
25 7463 2589 7648 4202 7994 1746 2477 9208 3772 9671 4535 8495 6126 4176 2195 9973 1816 944 4126 2221 8010 8019 7342 5734 1037
25 1209 8262 3068 1491 529 7019 3258 7894 4654 4060 6897 2197 2584 8966 75 8499 4983 5806 1301 9589 4553 2208 7782 129 233
25 9514 8029 3403 5719 2059 9394 1220 8416 1897 8544 9902 5258 2646 3927 9582 3350 4616 4795 1581 5431 4672 8666 2902 301 3751
25 187 5387 1527 3666 992 9177 147 7830 6713 1501 4032 7063 5906 8512 9699 9841 2391 1938 2157 7504 5900 8131 8341 4135 3767
25 4377 3655 5025 5626 5135 1311 9288 9584 3672 9292 1982 213 9312 4837 3822 6768 7158 7611 3343 3712 8517 3289 5346 3828 6744
25 1097 4583 3821 4228 5228 3451 8827 4282 3463 5929 5956 6033 9605 7550 2705 236 6701 7905 5718 8078 9860 7472 7720 643 1411
25 273 8557 8786 483 8504 1583 7829 7542 83 2837 6975 1502 6079 4933 3658 664 5469 5926 4393 1654 2844 8154 8999 8762 4644
26 9679 6123 720 8991 617 3482 1896 862 1123 6908 3495 3521 1711 4395 9310 7431 6401 6007 1095 455 4230 3313 9621 5426 6644 4471
25 6783 109 248 3915 4643 3169 7873 3790 6775 126 4382 4681 9389 3151 9356 5730 2490 5051 13 1377 805 3021 8156 9642 7383
25 5440 817 8198 4782 8110 1169 7697 8051 2375 5385 7531 5360 7921 8443 8537 5030 3837 4226 9446 3543 8335 4929 7367 5597 8546
26 9003 4984 1054 5602 8995 4326 7197 365 6708 3416 5512 7461 5645 2489 2824 3240 1954 1636 7850 5312 3679 7859 2546 4744 9021 2528
25 3444 7028 5771 830 1902 5701 4206 6808 6696 8705 1357 4565 9060 3662 9791 4721 4760 648 8282 82 6087 7404 6127 4811 1670
25 4059 3596 5721 7226 7692 4344 2969 987 5692 9136 6846 5271 6086 4023 6797 5924 9309 8589 9749 4442 5944 9664 7962 1562 8711
25 1900 1228 3947 1723 9949 2979 5033 7366 5210 9498 3078 6874 6299 9982 5755 5648 6535 9124 9120 9461 1094 7904 8822 9548 6441
25 6815 7114 9543 2036 6927 6374 7562 3509 4924 37 3262 1469 3935 3725 848 5797 9759 3644 8359 4185 7731 9536 3669 5653 2751
25 9752 1630 3866 1201 7209 4331 4834 8494 9155 6167 3487 9416 7500 4827 673 3423 4413 6950 9637 7123 6919 4243 4763 3337 7355
25 7861 5615 41 8868 7253 4798 8075 7931 6821 6609 3406 1750 2030 3419 5085 2743 3835 5066 5581 430 6721 1033 7127 415 5573
25 5769 2944 8346 1792 2482 3098 6930 7900 7620 1624 2563 2274 6532 3736 6230 860 6770 3983 7818 4057 9831 8508 9836 879 1922
25 8477 7398 481 1326 1079 826 7984 6987 4669 714 7708 8729 1017 5633 3183 9525 4633 8369 822 7496 7527 3618 7650 6581 4717
25 5086 9935 1955 4613 7840 8188 6832 1598 8916 2631 8539 6030 2733 158 6835 9417 6065 4516 8623 9317 1042 5108 1481 5828 5891
25 8518 4781 1010 5511 6814 2640 7532 8446 490 4075 4710 3437 9786 6937 8005 7593 3118 8657 3987 3838 675 3883 1842 5317 6515
25 5445 5948 8309 6000 3636 775 5356 163 6248 9142 7999 8438 6267 6773 5331 7257 4928 7241 2287 6585 20 2509 1322 7056 8000
25 7070 3409 3092 3616 6261 772 2525 3765 9361 1720 3235 9318 4526 2471 5297 6516 8522 8418 2821 3093 1547 7058 1007 5169 8047
25 5934 7889 1995 4107 751 4792 6962 7727 8017 889 3962 3707 4053 4719 4576 8514 4474 2764 56 6212 6819 8331 2858 6298 2620
25 6263 3148 5748 1272 531 6132 5835 3450 9908 8591 3266 4852 8221 9170 7765 8839 8834 4769 3180 4897 3929 6221 2122 9541 6583
25 9305 1492 7631 1628 5495 709 3867 857 9015 6625 3072 7385 6704 3806 3479 8208 9692 7950 9198 1327 7766 6467 940 8048 4417
26 9707 2641 8338 640 4953 4664 5792 1470 612 8755 8250 6318 305 3365 4192 891 99 8867 108 8211 604 224 7410 788 1427 5480
25 5299 3575 8382 7442 225 4123 458 5289 3846 1031 1125 9506 7388 7254 1574 3558 9007 7869 4149 8720 2204 4380 488 3468 384
26 3607 7993 1142 6474 2937 9948 5452 7920 2636 3241 1116 7832 7175 7306 6992 5493 8663 4418 1060 9741 8701 4120 1780 2411 3774 2573
25 9313 6135 6410 1963 1686 3940 3974 7407 1800 8624 9867 7605 331 6651 9662 9036 7696 9175 2321 8939 7783 2627 5365 5851 835
25 9976 9347 4421 2967 823 9647 9612 7080 8963 122 467 6149 2420 9342 1099 6236 3415 4315 4079 4339 2836 2370 4005 881 8111
25 3549 3540 6836 6392 7759 6251 7564 387 3079 3141 1450 1165 6180 7212 3937 5745 6195 7052 5388 2090 5682 5501 3277 6293 8553
25 6695 2942 8351 3191 1496 5913 7466 4937 3610 5259 8817 5019 2965 5496 925 4922 6411 8130 6546 8674 5857 2658 4122 1533 5914
25 9393 1406 2566 1873 3493 7216 5564 3044 3077 1534 997 154 8436 2028 1661 4814 755 4614 6959 5474 3868 3749 2768 5639 9249
25 1335 3826 4848 5668 9341 7425 6882 2622 7750 4489 260 5525 2012 9618 1397 1575 6136 8797 3238 2637 1464 4891 1428 9076 7522
25 4758 7180 7637 2261 986 1109 3798 2025 1771 4988 356 682 556 9119 5038 9178 6872 9971 1312 4962 2964 7520 3432 3689 1695
25 1867 2536 6669 9164 3993 5576 6367 1198 3606 1383 5689 1945 7449 3706 8358 6899 7664 6941 2679 3634 3589 3617 3433 6072 8571
25 6822 9473 3462 3966 9065 2291 4800 1392 8551 6833 8129 676 3538 2496 748 9206 1801 2671 12 1614 343 8862 8900 8297 5254
25 7429 1323 5757 9625 6402 4696 7569 215 7502 8074 8669 9233 6215 3164 2891 1242 3950 4728 8735 7335 8847 4730 8561 5782 9740
25 3156 4546 7546 5347 1845 1537 425 280 5353 7009 6414 1976 7584 1971 1274 1506 2080 8174 4333 351 2548 2163 2021 7930 4352
24 3629 7936 3842 6966 4384 1309 5462 3592 5651 970 875 3582 6351 4527 4422 764 1726 2224 6258 9829 3346 831 2825 1785
25 5300 4428 3188 9511 9202 4256 6344 9441 7149 2595 7260 7974 7238 5759 2638 345 5935 7606 4267 6364 2251 7813 5475 8661 9346
26 1273 4387 442 7698 3082 4366 8585 5941 7749 9879 473 5396 7012 3355 1103 7776 7452 4363 2730 7537 4013 2283 4753 5812 8139 7581
25 2316 8302 9144 7690 552 1189 4491 2272 8150 2024 7944 50 9039 6530 7332 6169 8437 3128 4540 2133 8178 1378 8170 7152 4321
25 4307 5113 7465 4705 9135 9364 9516 7712 5999 90 1072 3738 6525 2081 270 4193 4161 1026 6323 5749 6650 7053 539 6333 5979
25 2883 7471 7249 4003 9710 2320 8058 929 1980 5249 1597 1824 7160 973 5418 5378 1336 5922 8082 6073 6917 6384 5064 5669 89
25 9799 4260 4624 4869 1733 8652 5514 2612 3121 3377 3568 2256 5696 6432 2066 4095 322 9555 8647 5505 5390 6185 5811 7280 4317
26 3307 9402 9045 3840 4171 9481 5824 6106 8007 9534 3763 9835 8498 7945 5492 5912 5972 8678 3224 5436 295 3380 7699 9301 3246 9121
25 7040 7129 2539 1601 9429 4503 121 5878 2438 2596 8361 6697 528 551 9551 747 49 2478 7563 3500 1931 6342 5877 5658 9579
25 1757 9090 2904 6634 3477 921 9228 8148 6743 6970 3489 1885 6637 4341 2363 2588 1173 5224 7154 3571 3001 9472 6518 3887 5780
25 2949 6493 9628 5351 2781 4371 1048 2281 1967 1921 6205 5966 1839 6395 87 1694 1836 3971 6088 1290 1887 5586 1849 313 1018
25 6670 1512 2642 6550 8367 6805 578 8511 9607 3595 7454 5739 9825 8117 7067 3189 4668 7978 8580 7017 7641 4846 8237 8490 1022
26 1315 3651 8835 9450 7785 3062 4623 2829 5523 4747 1702 8362 7674 3820 8985 8365 9465 314 5362 9220 5179 5223 6225 1108 9109 5983
25 1543 6457 3368 9557 5036 9263 2270 7857 4893 8067 5552 6754 2708 9050 3019 5788 299 8572 8232 6229 6936 8344 9588 8996 8994
25 8703 6199 1363 1508 4764 3345 4775 8491 2444 6436 7351 9395 7155 5936 6551 8723 5121 4077 7951 4018 7111 2117 1285 3061 4048
25 5192 1984 3779 2167 4615 6618 5550 3854 7823 5379 7582 9218 9188 1916 9365 7756 650 1764 6631 4695 3286 939 7899 9986 7075
25 9847 8458 4502 846 1355 3759 4989 9319 8960 8492 8673 963 2336 2676 8472 2088 5131 6373 9383 3973 4510 5370 7753 6904 7779
25 7401 4414 2780 3783 6886 5579 7048 7414 2319 8621 2644 8015 7656 8734 5707 7181 7597 5833 3113 9484 7736 6032 14 4068 1140
25 2135 8024 730 2570 9037 1846 2415 8659 9785 6629 3979 634 577 3730 564 5276 4608 3715 4759 8106 1003 7036 6362 3552 1803
25 5424 9649 3354 8772 292 7808 40 8444 10 2109 149 9683 2282 6555 6553 1172 8364 1658 9747 5058 4832 4054 4015 589 3288
25 6115 4706 6338 1729 6101 6082 5995 8562 8105 2139 242 3553 2236 858 5414 3941 7423 341 2423 7478 427 7049 8201 7146 7346
25 2917 7116 8157 2639 9180 9075 397 7654 2526 5767 5167 2364 668 5261 7029 9590 5928 3771 3378 8008 4803 3985 9474 8035 7655
25 3869 3640 5507 4020 4749 4327 2220 1639 6235 7507 3101 1782 8528 4822 62 3407 3488 5846 2196 2289 9517 7441 6158 7815 1546
25 117 6658 4980 8791 4021 5951 4871 4114 6290 1345 4464 2785 2988 358 9279 3268 2318 5345 4723 4446 2441 7223 5842 2896 240
25 222 8209 1276 6984 3190 9809 3621 808 7918 3137 7177 8165 591 6841 9332 1161 2450 8849 6944 7042 1318 5801 432 9613 3225
25 7928 4959 3510 6739 9209 4130 8506 9694 8764 8833 6308 3379 3004 7258 9728 1858 5432 7669 4731 9453 685 7757 2491 3135 174
24 4071 7862 3875 4704 9858 4828 9724 9994 8177 214 4715 2871 4362 9445 3302 7540 7202 8091 4296 1805 8304 5794 8830 3193
25 8292 4208 2198 935 2776 9539 1912 2910 6605 5587 859 5921 5605 3300 1049 593 5773 5316 3023 7772 4140 2813 2172 5997 4838
25 7005 4885 1524 3114 6024 1443 5031 1466 4096 1275 4265 8314 8651 9108 2146 2968 4375 5065 5342 3210 5820 8700 6717 9528 8330
25 6807 4693 1564 266 5584 2753 5076 1393 7566 1870 4567 7107 1632 8771 988 9777 289 913 9919 8463 1247 1558 1009 3330 9914
25 7957 7704 1804 3270 5050 1862 4274 8026 3894 9816 545 1053 6667 1775 2953 8655 5750 8195 6715 6853 231 1134 5502 9880 8719
25 8731 2079 409 511 8937 8167 3909 1891 4357 4809 5274 9616 2587 8417 9149 7324 3275 3374 1544 3441 5415 2487 3534 7835 23
25 9619 5358 3991 4666 6648 9159 1179 1791 1420 9955 1283 2311 7752 6568 3831 36 8100 349 2451 7002 1925 6063 2300 3903 3230
25 3855 1773 8784 9657 7548 374 193 8125 3574 2437 5482 9275 335 4655 8769 4444 8295 2550 8613 9938 6350 7490 1439 7373 9360
25 1138 3196 3396 6567 9751 1346 1302 2264 5278 8590 1235 104 7932 7003 8248 4574 705 7395 4197 4506 2668 9547 6540 884 3367
25 303 2357 150 5303 5751 4497 3228 6751 1199 8725 4188 3483 2555 4954 9603 6826 9622 8910 4735 4040 5178 3134 4415 712 368
25 9325 1593 1218 9743 4645 2667 9077 4892 2042 800 4430 5852 4389 2232 3357 8880 307 6534 729 840 1359 8618 318 7635 7684
25 2559 7320 1223 8614 1886 4617 3429 4456 4038 7529 6854 4801 632 2466 9587 3882 8387 8275 9307 6266 9176 5847 6287 7662 4301
25 713 699 1200 7787 2207 8860 3421 3561 1317 9706 261 7598 1851 2701 6599 1153 9746 7964 5937 757 5253 4235 6687 8718 7458
25 4894 842 419 3445 896 2924 4397 2248 6138 3139 7718 42 6385 5945 6852 3720 8707 4612 4752 2326 4338 5841 3216 7703 2265
25 372 2166 8224 8079 2033 5622 4944 9303 2713 4591 2190 4517 9017 132 5843 3600 4702 6573 2623 5592 1923 216 2876 1652 6143
25 700 6110 6202 5732 5662 9655 382 2086 4711 4590 6137 7273 2350 340 603 2182 7739 927 7748 3858 5398 5173 6301 5557 7109
25 6831 5743 209 3420 376 2797 2043 7305 8212 6171 1296 1444 8930 5795 9125 9502 4551 5735 4976 8959 5293 9295 3890 2693 820
26 3167 3208 975 1777 607 2377 2790 9849 4532 1988 2950 7966 8732 9437 1732 4640 3273 3015 3209 5661 9834 2342 8565 2556 7534 2384
25 961 1013 6711 6903 5766 5803 6156 2234 7796 7879 3841 7397 521 8172 5231 8899 3280 7073 1536 1841 3586 470 1882 81 9910
25 2061 5818 482 4602 4024 5952 9632 6437 8261 2580 9366 7871 7345 3956 7607 4596 1334 4700 1479 1093 2609 1703 8885 3633 923
25 7657 7198 3263 210 942 7010 1476 536 4330 6820 8855 5349 1717 8592 7774 2853 4180 269 5010 4479 1051 1225 1316 9636 4829
25 6706 5875 8040 2352 9678 1081 4714 4642 399 9205 3674 1622 5905 7443 9414 123 2301 4956 5737 818 4750 2840 2882 1586 4329
25 6381 3951 7602 3026 7847 8761 8296 4921 912 5786 7734 1933 2010 9285 8466 3100 1490 3942 706 2889 9827 5859 155 9804 1874
25 84 5491 135 3319 9537 7811 286 1810 9330 5694 3686 9447 4847 7923 1063 5641 4908 2145 1195 2286 5125 8006 7707 3515 1190
25 3055 9128 9696 8085 422 2360 7724 5901 7205 4443 3233 8317 6709 8944 2306 9271 1380 1409 9936 4909 3857 1300 4212 2476 2709
25 1560 6849 6255 4297 8194 2884 9912 3761 4378 2175 1340 5805 8045 2317 2168 4287 5836 1802 7409 3928 3211 3548 6114 5437 5969
25 837 9052 7236 4973 4555 7933 1872 1748 8721 5292 1629 6811 8776 3523 9115 2855 7359 7437 1295 4904 5230 2273 9138 262 4949
25 8640 8020 493 1252 3958 8243 9950 2366 7178 8693 3832 500 7738 681 9308 1881 6074 1759 2277 9092 7742 1150 97 7713 1146
25 24 9852 8440 4830 3435 9900 2065 4014 670 5992 2634 1163 7571 7247 6781 9008 2460 1120 1570 9311 4156 9883 2075 6850 1061
25 920 2838 3830 4115 3818 1062 1779 4111 7935 7326 7016 3244 8050 9093 3581 7487 4303 1680 2629 796 9097 1212 784 7997 6610
25 4143 9137 9874 2382 9617 2505 3946 3811 2137 4805 1078 5195 2971 6859 416 8625 7083 8943 3522 4 1418 962 4913 7924 3086
25 3555 8158 6003 1460 6809 8560 1429 8901 7148 3212 1926 9327 2772 3815 6040 7170 5960 1092 5563 447 6288 4281 1936 1422 1246
25 541 1113 5425 8681 2105 3793 1643 2607 4002 1387 8127 974 8241 5594 9063 4577 1112 3797 7892 980 4047 7744 1615 4320 3729
25 2356 6747 8434 8989 2434 1553 876 1541 754 232 731 4870 4960 903 4671 5827 9501 2905 2421 3860 2845 7250 5635 7778 3870
25 6901 3257 8902 6498 6871 4888 2702 2804 9778 8961 2414 4745 124 7910 5940 5118 8145 8861 6627 9567 9755 4074 2619 8077 7453
25 1515 627 9631 7883 4485 2652 3895 1979 2737 1499 8264 3359 6827 8305 426 1445 8355 491 6148 8396 2894 3503 8620 5348 9864
25 4078 7020 2399 4657 2696 120 9822 2938 6779 3392 1291 8810 3955 9695 6037 8894 9363 7343 4977 8056 998 3643 4772 3265 6403
25 9675 7230 457 4396 3721 7134 542 7594 7763 728 4663 3920 7591 2860 4306 5236 7291 844 1594 758 9990 1929 6597 8031 1998
25 3442 9685 8521 6703 7386 8990 6179 6120 1946 5537 6604 8252 5336 1730 8322 5190 6343 4383 7281 6880 8469 2225 3805 4823 5985
25 55 2538 2973 6454 8273 9132 7915 8662 2796 6444 9080 7797 1621 9034 5989 2249 7349 8790 9454 4683 8332 3688 7071 8632 7809
25 3253 5990 5285 4137 1324 9962 4677 5329 1688 1130 547 6478 745 5680 1238 8479 2726 6334 6635 6481 8633 8850 3850 9462 1027
25 2576 8055 1994 9524 1587 990 7234 6443 3115 1471 6262 2186 3401 5109 6071 904 4508 8724 7219 5854 2770 1410 2983 71 3291
25 8329 2714 502 8796 66 5238 7271 5959 7004 9593 6714 7327 1596 6227 8012 2392 312 58 2786 5840 6363 9326 320 3516 9256
25 6412 6558 168 497 8118 7941 4163 7389 3547 5600 8841 5217 6372 4708 9715 630 6358 5484 6958 9507 2003 8921 6501 2615 7347
25 4346 5237 7248 1684 9981 7315 7764 2468 3645 3893 4369 6027 9945 3506 6586 4534 7283 6693 2961 3012 6761 3259 2125 1416 310
25 3580 8376 5541 7685 9033 3203 2054 1203 255 8169 9470 5870 471 205 3678 479 3260 1991 5760 6789 4865 2819 2549 9686 6960
25 2247 9974 7314 3972 646 514 7207 402 196 433 3130 9181 6162 7670 4146 882 9432 2103 1084 9937 3458 4286 3957 3091 5332
25 549 8435 7580 5779 8615 9101 7573 3372 9884 6326 7735 9350 5585 1807 1091 8132 8919 7977 3405 9545 6613 2893 2454 9735 8605
25 4090 5112 7574 3047 7901 6283 5967 5040 2808 7807 4351 855 1906 3834 4480 2574 6679 637 143 3719 136 7014 9924 6222 9530
25 6198 3990 6265 2338 9546 4045 1259 1603 6888 5308 6707 1371 9565 4942 3131 9069 2823 5368 3898 9811 2922 8069 3530 2480 6238
25 5885 1860 6765 977 1835 871 4653 2841 7266 7570 5002 4097 3342 3217 4178 4294 2131 5845 8 8654 144 6111 9229 2343 4818
25 9523 2791 9926 2250 1281 178 4866 5188 9006 7819 6008 4631 4817 2381 8859 1877 7833 602 5978 8980 6603 2461 8276 8394 1956
25 3988 9452 5540 381 8742 2314 8687 1638 8063 7007 2017 250 3452 2226 7033 3175 1788 5338 7166 441 2203 4432 9862 5000 7108
25 9140 3311 3105 7382 9475 7169 6909 7793 6375 9643 999 7328 1375 3764 4116 9931 5736 3369 8043 8064 8210 7408 9702 2359 3560
25 4637 2748 9633 5627 2178 1523 599 9141 2151 434 6612 6490 2047 2778 9126 6796 60 8805 4424 5449 4261 6066 4572 688 8402
25 1005 789 4920 267 9375 9561 2867 7949 6292 6682 1999 3283 1025 6309 9500 2223 4542 5148 302 8914 9354 1948 3439 9744 3709
25 375 7451 7572 656 9410 3746 2875 1176 3977 7538 6798 7072 4001 5199 8455 8124 3872 901 7165 7824 3664 8789 1118 605 8727
25 157 4437 1221 1863 8403 4119 7503 8502 3948 5104 9331 5175 6400 3136 5177 6954 9439 6572 5753 4568 3408 4622 8881 6015 1529
25 2869 7104 6360 2041 645 7344 7370 1787 8268 909 9091 8680 7925 570 3716 2807 9689 7489 744 5489 4319 4000 8998 4774 7972
25 7956 2899 3426 6446 8191 3532 8266 4566 2498 2213 8143 1572 4336 110 6109 3033 5095 8431 9850 1677 9131 7524 3624 6480 943
25 5716 7512 4246 9345 8671 244 3499 4085 6920 8166 8779 5882 9591 5200 6092 2488 3158 5638 6335 9004 3279 4808 4385 8493 2015
25 3103 945 4299 506 2585 9928 5298 5301 4539 4312 1964 1171 7961 6554 8478 971 1279 7717 1148 1894 3718 8217 5898 5272 9569
25 8962 5744 4225 8059 2551 4195 6460 8134 1876 6816 385 7608 1124 5022 8497 522 5401 1129 6461 3255 4987 4599 5762 905 7506
25 3371 5060 3073 6503 4880 1101 5632 9167 2614 9917 186 1164 760 4030 1975 8942 8386 8602 198 3107 4252 247 1744 2510 2866
25 7929 166 4064 3542 85 444 2842 355 4718 5872 6130 4076 5483 2803 1691 6892 7484 5204 1287 1472 8480 5020 494 6762 8968
25 2009 2006 7243 2056 8642 3205 2107 777 6201 8993 1567 8003 1990 838 7084 7559 2734 1219 6782 3185 5532 9238 952 7771 1105
25 1992 3160 6718 4028 7245 3524 8407 5725 3039 6862 7130 28 8927 8846 3998 3125 4780 7953 3794 1522 7672 3905 3166 2582 873
25 9283 6924 4255 6438 2304 2045 8214 1389 2332 3902 5421 7958 7728 2484 9529 8964 4994 2193 8745 4951 9915 6974 6830 3178 8788
25 3149 5393 7666 8653 3124 4756 3691 9300 936 279 4454 139 2816 6388 8408 5337 3626 5499 9711 7706 8808 8471 5763 3504 3861
25 1776 4223 3411 8747 3194 3181 6067 2513 2078 6085 6025 4036 7890 3649 6732 1437 6702 2170 6981 3984 828 6452 9184 6988 1319
25 4058 6150 4673 2916 9842 3622 2547 2901 4562 4093 8513 2494 1856 2029 2347 8180 8866 4722 4531 794 9227 6994 3492 454 6031
25 1664 2106 9830 8682 8609 2209 9526 3231 5073 2960 2719 6117 5863 6144 8405 411 5644 4210 7834 8137 7393 8022 8215 3733 218
25 29 1635 4815 8575 7663 6587 7770 7381 4701 6983 5904 7543 114 9261 2514 228 9260 1619 6955 6492 3994 4538 1431 4727 4467
25 2020 3459 7430 3022 5433 8970 5323 1096 2769 283 7062 6906 2728 7030 8677 8658 2046 131 4927 2449 8527 3569 4636 8244 4011
25 5868 2784 1267 9492 2771 8981 7339 3476 2945 3053 4359 1058 4370 9053 2475 8765 3745 5894 7051 1590 3347 7093 6755 5533 8422
25 6961 4537 5282 8128 8882 6716 3851 275 9114 9709 9269 7124 4334 5987 1157 2625 9978 4968 9494 3496 9270 5098 7497 9471 3638
25 1833 5510 3083 2600 9134 3122 1197 8160 8741 6083 2632 4360 1451 3711 9404 8004 4392 7136 86 9918 5538 5531 1016 6382 3654
25 9563 7553 9030 2031 9923 9458 4638 1924 724 5364 3856 195 2267 5114 1540 9197 2793 5151 3780 1230 7533 2096 5556 3027 9186
25 1888 7329 655 4806 1232 3839 1589 15 5559 7298 2931 1068 6314 8084 468 2446 7307 1497 7842 1486 3402 7688 9160 4419 4679
25 1353 2788 9890 6563 9761 546 4907 9592 4264 5704 3796 9111 4765 3318 1244 7694 6264 9718 5434 1573 8710 6116 6387 8326 3824
25 4150 5858 9286 35 2217 6133 1297 3782 235 4825 7106 9674 6337 8041 7473 5613 7954 4324 4996 1909 8534 8672 7988 9897 2541
25 7399 3170 1640 4291 7203 9731 4293 6134 9479 4073 9630 9400 3412 4425 9857 8036 5251 900 2795 4128 638 1542 3179 7218 5553
25 4842 1024 8207 2442 8951 629 3305 4019 3340 7626 5558 803 5186 6661 2750 2127 4896 1813 6993 2864 3043 8549 5260 4438 2412
25 2912 8586 1421 5756 2919 1436 3862 2141 1424 1783 6061 253 5754 2387 3456 5327 7959 4729 9123 179 4042 4824 6484 5141 2951
25 5693 8459 6029 9620 5674 4699 4498 1960 4055 9716 8299 8258 3361 1498 5153 9217 966 9296 1969 9396 9756 6582 3699 8251 6018
25 8406 2123 326 7337 6643 1985 7691 1568 9508 405 5778 6289 4514 628 9016 8802 8454 5439 9876 8690 1304 5470 5711 3536 4420
25 5341 2963 7086 5012 1294 4356 5879 2057 5486 6863 4232 3916 8196 6276 2727 6394 1133 3819 7151 4332 4931 1561 9672 8913 4483
25 7141 726 5954 9002 9262 4477 2164 5630 5221 2116 9212 9425 1673 8432 8255 7213 9294 9899 8385 9577 4374 8936 4603 1821 1114
25 48 8699 956 7434 5853 9975 3314 6140 3992 3625 8569 1786 3684 6671 4253 8467 4083 7184 1966 9635 7623 2144 3278 5325 9925
25 474 5034 2690 2077 6270 6013 2885 7998 3501 4890 2358 7265 4849 5823 1360 7192 2165 5839 6246 8837 9532 592 5350 6914 5067
25 2695 5359 3603 32 1215 8617 883 4406 3174 3154 7405 3777 7893 8754 785 7481 6390 296 1052 8641 9374 1663 6470 4275 2448
25 1528 7357 9869 5234 2831 5116 6243 7872 5442 239 3010 1351 4505 3668 2647 9942 6153 6184 6355 4762 5819 5758 9397 6825 2297
25 9084 9996 2495 9190 6537 1168 2565 2907 1822 9029 4647 5655 7201 9315 1483 4108 869 614 234 5834 4358 7986 2337 6514 1284
25 9216 9768 2147 3906 7256 2810 5770 6848 6730 8811 4902 8676 7360 5215 6640 7826 7617 9467 635 8884 3588 9708 3703 4405 3578
25 4379 7210 2782 4101 6512 3646 3146 9192 5247 1714 9193 996 6666 8875 6957 8924 4519 3787 5545 9895 3852 4820 7816 4127 4588
25 2986 8629 2605 9018 1365 3623 1338 5386 9022 5032 6176 7419 3659 2572 5726 7426 1128 5506 3172 836 367 9398 8061 1021 6090
25 585 8021 1313 9512 7912 396 1117 7120 4543 8524 4947 1011 9762 3497 5013 2472 1600 7008 4401 4340 7747 7510 7438 6911 719
25 6228 2512 615 152 4541 5374 6121 1264 6488 5016 7076 2991 1996 8912 8712 3063 2529 6611 4971 9214 2271 9146 5124 9231 2486
25 5406 9544 565 8034 853 3373 9837 5708 5042 9113 9148 7976 5035 7336 4609 8635 3460 2259 3836 5306 3791 7173 9687 9258 4006
25 583 9246 4153 8042 6272 4227 9370 7334 8126 7781 3747 3395 8181 2334 6232 2005 8081 291 6968 5380 6935 2162 5895 7767 7621
25 8559 1651 9297 4938 2613 2011 7474 319 5154 17 4218 738 4579 3087 7625 5283 5932 176 5520 5458 710 9152 8935 4493 8578
25 4435 1194 8637 1755 5866 8694 9844 8072 7262 1394 7798 2365 5270 5574 9491 2704 3002 4257 1408 4350 5697 6699 1430 8070 8303
25 5717 8713 4875 8530 7364 3904 4853 6056 3182 93 3494 4461 5165 5542 7421 8267 8281 4147 1191 3728 994 4584 9760 4802 499
25 3281 8290 825 856 7882 9062 1532 2241 4843 5565 1857 7786 7439 5257 1608 4504 4061 8016 1599 5232 9444 5376 4898 2308 8596
25 7952 5746 9845 1175 8176 821 2174 2246 9624 9583 1743 5963 220 287 5918 526 9984 2913 8138 1342 737 9380 624 6995 4520
25 4494 902 4703 3615 8555 1644 9729 5163 9378 2955 2611 8439 7973 5315 7495 834 5459 16 8429 4311 4625 9878 3722 8975 6912
25 5304 328 4761 4587 1349 9070 6268 8843 3925 3293 1519 6823 6324 4254 5081 5673 5787 3095 9095 4277 6191 5738 1367 7599 6463
25 297 1489 4154 5783 8259 4872 5567 4667 678 2159 6565 9730 8907 829 4627 9005 3106 1288 1958 1293 4082 6520 1426 9451 8670
25 741 5487 5777 4957 8030 4398 4046 4550 1396 6038 6608 7802 478 5194 1760 5822 2925 9668 763 9513 6594 2405 2376 8929 8253
25 7640 8449 428 7277 8529 674 2898 4104 6059 2532 1136 4165 4222 7908 5321 7300 5544 8487 1898 6840 9281 6244 2499 3389 7444
25 5598 9595 1177 4141 4786 6579 1069 2601 7440 1075 5575 9866 1237 5938 6934 5037 2604 2811 2610 3218 7789 9338 440 5140 1563
25 445 9463 8915 5054 6078 7309 6746 6391 4533 9225 2398 5568 7299 8465 4215 3899 7634 2703 3126 8612 4725 6870 3296 9072 7015
25 3564 9087 5699 1222 6280 5279 6865 5610 6406 2740 3968 4365 520 3485 7144 4298 746 9596 8218 5084 5629 1889 4952 5802 7464
25 6952 6752 5120 9314 9497 1725 9720 6641 3267 5981 449 5522 7838 1083 6624 7348 7412 3422 3687 5988 2202 7069 7556 2269 3147
25 9207 7082 9011 3594 1263 4724 9611 3271 618 256 2892 6528 344 1032 5612 7204 5867 2767 8482 5340 4799 9659 6322 852 666
25 568 8979 1970 2787 6639 9133 5451 5519 8383 278 9863 217 9522 3171 3309 7074 1149 7285 1358 9753 582 3060 8357 2463 9359
25 3025 3329 7255 7190 161 2527 8533 8193 689 9988 3152 7875 8002 5363 1742 2372 3886 2993 845 1435 188 2070 8284 1642 7760
25 734 1090 8588 6356 2732 175 2921 8799 692 4547 4874 7377 3074 4342 8794 1127 1903 6057 1321 3776 3812 7450 7194 2812 5968
25 8395 2520 3017 3036 8037 252 5219 7967 1328 238 7100 116 8954 9367 3177 4676 6107 2598 5055 4490 2055 5326 9788 3298 1545
25 4495 8848 4285 6645 8597 9357 1716 6223 8400 3009 414 2093 334 6759 6964 6673 4556 421 3304 6792 880 165 329 8373 4646
25 622 2436 4349 164 7636 2675 1710 3295 5092 3150 6513 4529 7652 1648 9098 2014 1825 7705 7424 9856 9970 148 8389 3926 5444
25 1040 3067 9640 3680 1441 3393 352 6566 3454 1468 9877 2254 727 1657 3695 6653 5399 937 8607 8519 4091 1303 620 8278 1023
25 7561 1530 2074 2132 1352 9408 7221 8186 3339 6578 3391 2522 7333 6500 4462 429 7369 1585 7215 8044 6576 3323 600 5821 6252
25 3471 1734 69 7884 9889 5045 2948 1539 7065 103 4632 6174 6588 5893 5530 2962 3922 1234 443 7131 7161 4345 5518 2654 5371
25 2008 9401 4080 9116 3802 6163 4634 8760 3316 7024 4804 3577 1548 7470 6867 2194 3995 8216 5676 3591 3723 9083 2806 3755 7362
25 2941 5856 6200 2799 6967 5405 2809 7222 5133 2325 5184 1965 6510 1036 4488 5185 45 4354 2185 5931 7375 6247 3685 9289 5478
25 957 6877 3200 1557 4607 2395 4594 7614 6064 7288 5733 8336 8286 6632 5703 3040 2830 4238 6147 759 6997 6311 7610 8946 9693
25 3239 3384 439 7668 9100 2260 5070 4981 2390 6122 534 7848 5196 6918 4943 5423 9568 469 651 3748 9766 7511 7630 6365 7147
25 3743 6884 3334 1647 9127 8909 9226 953 9247 733 2084 4560 8972 4386 6369 1044 1419 8313 8897 1758 3880 2966 8704 8793 1381
25 9979 8739 3816 2333 6570 8300 847 9000 4219 5529 9651 6620 5149 8660 2763 9719 2643 7880 4148 1207 2848 1034 4205 8815 4070
25 5381 4170 7876 1667 1631 6737 8014 1612 6240 2850 1690 2685 8392 1249 8781 3814 7803 8089 8311 906 5063 938 7275 7097 9550
25 4882 7846 5090 3583 2930 4213 8610 3757 6726 4316 2068 5524 2239 2328 7126 1185 1617 8925 2152 8526 8825 5171 1721 1610 4557
25 8675 5572 802 2982 5375 2275 138 3007 2218 8415 9162 6738 9518 9991 2001 4466 9922 1043 7702 3656 2815 5103 7195 249 3207
25 7877 8323 5566 2686 6896 2108 9896 4266 683 6858 8532 851 5132 2255 4876 6341 308 4841 6146 3864 3097 76 3320 6197 1178
25 1735 9851 9382 4658 1762 7456 544 3075 3573 8616 2700 4674 7578 5319 336 1987 1398 1278 2765 7233 616 9533 8726 5307 5059
25 61 9691 718 3370 2817 6237 1004 6921 4106 9554 7886 3221 2183 4835 407 6440 4610 371 4273 4496 2586 5580 9253 3557 5513
25 8840 3758 8146 3807 7411 4552 8603 7143 1767 6486 1727 1449 3599 3804 3954 2067 7251 5130 669 8083 5631 2773 5664 5589 7482
25 8950 7891 5212 7710 4593 459 9031 2052 9333 4906 9967 7969 8531 1243 7981 9953 410 6876 7568 1806 5225 7094 6680 3312 7284
25 6649 892 8285 5539 9242 9964 7822 1012 9783 4979 6763 9946 9204 3132 2258 717 221 259 5485 8123 9906 2406 8948 0 1555
25 6541 4511 119 3220 5043 691 9992 2909 7587 4770 8813 1671 743 6878 7038 7485 1362 436 6019 9739 2724 6154 1751 6548 5903
25 3457 2928 3108 5156 6580 7387 716 6253 2154 1307 914 3545 1678 5677 8853 3932 5617 1425 1576 6249 8122 78 9644 7519 3696
25 1978 7117 9947 2577 8876 3261 1692 4343 2051 8750 7549 4423 4650 1829 981 5791 9660 7310 4451 2608 535 985 2142 4500 9349
25 8420 1852 6125 8831 9972 3165 7817 4167 151 4978 7340 4974 7294 4581 2723 4434 8096 5688 1141 5181 3256 5457 813 8028 9868
25 6724 3424 1997 7034 5695 8984 8945 3127 3282 4660 6776 4740 2295 2022 6723 2380 3222 1809 5896 5046 1919 3741 5479 1286 5137
25 9581 6068 95 9464 9576 6172 5123 4314 4486 1850 7292 1262 2367 2918 3800 4179 6435 8199 7303 6595 1204 1878 9943 2237 9044
25 8728 2143 8823 3414 7162 9222 8505 893 8540 2189 8360 972 8905 6131 7358 8333 2564 3529 6873 910 8947 698 722 6801 1208
25 9411 9306 5516 8768 7856 9027 8638 7488 6824 8749 9348 2552 8668 5286 1577 5354 3727 1683 9499 5876 9673 5461 1385 8780 6591
25 4214 8104 9487 2731 4854 115 9264 586 8289 732 53 4234 5427 8388 6084 3084 6209 1837 1795 2599 1660 1854 5815 5705 2288
25 9020 3029 5017 4656 7479 3785 4236 4856 9407 4217 801 6758 9598 3726 8032 7317 7676 7297 7391 8325 2315 7436 5776 6499 8088
25 5902 1100 4507 7686 6893 649 8851 6681 9230 7560 9780 3336 6091 6787 7841 915 4712 9843 8879 7289 5465 8767 9257 5377 5975
25 7119 2711 1233 3112 704 3531 8033 4086 7462 4997 8068 9435 5468 3153 450 9051 5521 8380 7057 5949 1462 1699 8891 4249 8184
25 2429 6159 1904 1 1152 6491 4884 7987 9085 1761 4512 4039 5288 2101 6766 932 6700 8488 4778 1306 6439 9456 5864 4580 6544
25 6456 4200 5887 7934 6336 1325 9701 9001 67 9571 173 9725 6860 4923 7639 8608 3978 9010 6051 2408 3014 7788 1947 2649 3614
25 489 9191 4050 5678 5628 5193 4062 2104 6939 663 5849 2712 6812 6557 7225 2746 3287 1452 4162 7295 2276 9714 6124 4337 773
25 268 3138 1959 6398 9165 7301 1299 9838 8140 6187 2087 7616 3590 9932 5965 4860 5831 6998 7138 5318 9058 5908 9585 1459 5441
25 9626 6851 9769 8368 9276 1110 9438 6181 8692 4845 2789 7995 3481 574 5761 3744 3914 2483 9215 7157 7235 4051 1659 1131 9763
25 8342 5654 3717 9071 4990 8220 9054 9379 4440 958 3912 5796 1505 337 4037 3162 8321 2210 4295 8249 5608 2516 9826 1736 6321
25 2278 6786 1830 1797 7732 5400 1348 9433 9150 6785 5220 2545 752 6646 642 246 8222 6273 3360 1823 8535 3731 684 3694 2887
25 580 2426 3795 2181 7916 7633 8510 8550 1591 6505 8873 7982 8922 4975 5144 6097 6496 9656 9369 5408 3570 5198 5211 7844 1344
25 610 271 332 7232 348 6476 7361 7231 924 8475 8343 9957 2085 8757 2369 1484 4142 7101 8404 4004 8171 2063 4069 5334 766
25 8179 6740 7446 1627 559 2543 9652 1934 5804 6522 4578 2662 2403 5397 5946 7955 6302 5731 3335 8594 3032 5330 183 7528 7909
25 1993 2293 3544 8236 9035 5702 8664 2402 2341 5139 9442 6219 3639 6623 3996 6028 8501 2914 9277 4779 3562 1633 8828 8886 1626
25 3692 3024 7870 9042 8379 1211 1417 9324 7091 8516 2299 6286 1183 2331 373 6489 1814 6096 5443 7943 6113 1705 4950 1289 7913
25 7799 315 4686 2651 159 7907 1330 4916 6712 5216 6469 8347 2655 9907 1039 5450 4861 2211 9024 7586 5953 5404 3338 894 2346
25 6361 4648 9104 611 5690 8062 979 1981 5583 5102 2344 3878 868 1270 9099 4757 5146 3681 8541 3006 5961 3844 6099 2191 5578
25 5161 2026 7874 6141 8973 886 2972 3474 639 9224 7313 2389 2459 2932 2002 6275 5242 3871 4173 4468 5504 2680 8240 4181 3608
25 219 3572 6942 9064 8804 5310 516 6864 2407 8903 7331 3013 8496 4448 5884 51 2094 6445 4157 5476 8582 6075 2984 4492 1778
25 4687 1674 9385 2140 8298 9272 9882 4734 9023 1914 3939 8013 621 9892 4169 597 2307 8090 5047 4790 9172 8107 4175 6692 9251
25 3030 7792 199 9171 633 8272 4353 8926 5268 6542 6204 227 2199 6254 3192 9145 9340 7374 5798 1254 4268 4172 5138 807 7575
25 9187 3891 839 5503 2653 7445 9074 3285 6926 517 333 3213 9122 8457 6224 5246 2976 8636 9697 8009 6678 9648 7330 5950 7061
25 9291 7428 1908 8940 2160 2072 1008 9298 3550 2854 1920 7447 2027 1957 9088 5747 1059 1731 9669 811 2691 9894 2561 7501 2445
25 2313 4233 1518 5107 3784 8869 1820 6036 8650 386 9704 8887 8399 3467 4680 4283 2888 5460 9387 3535 7516 2684 3829 5134 6879
25 554 2422 5829 6615 7276 4879 2121 5481 4651 9355 8763 4289 3801 9032 1080 9391 390 6991 4691 5714 2592 9810 723 3986 6039
25 4788 9920 7567 7492 7041 7729 6932 8182 7791 8601 877 9597 6938 2569 9413 4367 9998 5044 7831 6035 3752 6465 7368 3739 9520
25 3693 1689 8816 4409 9068 3247 2115 1679 3753 9163 510 5793 9959 2111 7526 5467 5162 7618 4522 7881 4220 1077 101 7609 9418
25 8204 400 435 9419 2661 1412 1045 8814 9321 8049 361 2354 4816 5115 7308 7338 9434 4918 9025 8898 4186 4819 5284 867 8730
25 6424 9274 4720 7380 1949 2602 8401 3308 6810 3011 6504 3960 9235 1704 1766 6731 9223 2583 9977 4934 2897 8759 7535 3809 2660
25 4098 661 6420 5158 7477 5100 2023 2417 2037 7615 3551 968 2832 569 3187 8908 1085 3792 2492 3110 3120 5809 2298 1713 6527
25 9698 5466 8410 2409 2044 7576 2156 4224 1875 6105 5183 9423 5590 1616 5671 9713 204 3931 5850 8424 3386 4121 6349 9048 4138
25 4066 8566 9485 2663 907 1937 7493 2557 2722 1516 3331 4102 2371 7858 7644 2725 8238 2833 5616 770 6602 4433 2214 6348 5649
25 1866 3976 2537 6430 2385 6279 509 2479 338 4259 4597 1672 4201 7105 5775 4458 9814 5311 690 2862 4716 26 7601 9600 4469
25 1815 5698 9815 849 4930 8263 7508 6806 2504 6043 5943 4571 6791 9893 7139 9426 562 3349 9653 5361 1510 2136 6173 6509 3827
25 6780 7677 7554 4585 4966 6081 5619 7806 7077 7402 4982 824 503 4304 5740 2349 9956 9775 1347 9839 7142 7182 258 9732 476
25 6900 8277 6128 5187 4958 7762 9553 7689 4777 9337 5675 941 1151 6549 1675 8144 6606 6427 2110 1456 557 2263 6259 2954 3381
25 6160 4455 989 1634 8228 7643 2648 9368 2400 1832 3234 1611 7725 5765 5015 9873 792 9797 3042 424 4292 6371 8099 3635 1159
25 7318 5710 9254 982 8116 1942 9911 4209 695 8025 7646 8829 162 6310 3919 4726 3322 6250 2413 1213 8023 6817 6399 9055 9252
25 7911 3461 1655 895 3215 1864 2467 2082 8649 1310 4521 9594 7396 5772 6428 4589 955 5229 2940 4160 5094 8820 1538 251 2212
25 9901 9320 6012 2927 7682 4270 9623 7392 6728 1073 3613 2351 8709 6295 8409 4766 1467 5395 70 2227 9322 631 9737 4450 8967
25 8698 9412 2783 922 7135 7805 6727 3070 9110 2990 5577 3214 3713 4598 6049 4859 1812 7722 7896 8374 9540 588 687 3508 1192
25 4056 864 5295 9477 8151 9833 7422 9968 543 6574 6617 1535 3881 5826 6354 2692 6933 3671 7112 5865 4145 9047 2155 4191 4736
25 5881 4575 6536 8795 46 1098 5001 8883 7164 4190 5357 1041 2895 7022 418 9606 7121 6045 7565 9542 3229 4812 8622 1789 3760
25 8520 2975 3066 7628 1487 2388 8500 6963 4457 5117 9821 4262 2158 8270 504 8626 6042 3035 1826 472 7115 6214 438 5498 7773
25 5027 8715 2305 4245 2119 9963 1248 6839 5180 6339 9244 2567 1578 4182 9905 6010 652 401 816 1818 5471 8334 1582 2710 9459
25 2327 1251 3585 3398 9564 1521 3157 5155 575 6655 3446 9665 2149 1089 1122 8053 9771 107 6093 2416 7521 3702 5072 1356 1000
25 8102 1030 2440 9712 9604 1859 1790 1461 8460 6733 812 694 7852 7851 6100 7544 7509 667 6052 2540 1139 5637 6297 9601 5886
25 7229 6168 1986 6340 1250 7693 3997 8988 740 863 6006 8584 1890 3306 1520 7054 4041 3945 1961 7011 7296 2474 7125 4559 364
24 113 9666 47 5917 5287 1620 8801 2 6366 887 4626 7541 2752 1765 9343 4391 783 7035 4883 2524 7588 6102 5909 3272
25 9670 5500 1240 7211 7665 4355 2958 2228 4487 1266 3352 9572 34 4755 5126 7055 7885 9371 6112 3069 4436 2698 8958 6207 4941
25 3667 4833 9105 9182 8353 1455 3754 8450 2345 1236 1566 7486 4524 8474 5781 1379 623 4570 4554 1718 5606 1046 3438 39 2736
25 6767 2915 212 3701 595 3648 1193 9734 7701 6774 3756 2682 3382 5546 3034 1028 9989 9168 2880 778 2032 5509 6 379 492
25 3410 4935 284 761 127 4858 7903 3173 9722 4881 5925 4831 3704 6980 9535 8983 2114 4967 8279 1645 2659 5672 7680 4465 7990
24 2531 2335 8448 9738 1968 1415 2568 6211 866 4168 5728 8039 3144 5488 1754 5129 9703 8152 2847 7356 6769 1623 1676 3705
25 6633 6455 3512 1111 4403 6359 8953 8826 8646 1217 3484 8427 3823 6690 5328 4288 2013 3184 6118 2322 3631 4840 8581 7854 9824
25 394 1625 8254 8187 2665 5160 5569 5201 6231 5313 7583 2485 63 2800 3048 8114 8821 3520 2073 7459 7460 7679 9997 8119 3647
25 7188 5189 2518 7193 6956 9812 5074 6571 366 512 6923 5687 2038 6506 4797 5447 6545 8503 6569 4381 4144 194 1180 6129 1376
25 8271 8426 498 8955 5409 843 7415 7865 7547 3045 5722 6790 3888 2801 3303 9875 2353 4189 3781 2839 2544 815 609 6647 1067
25 768 2626 8536 2952 7278 5014 897 793 4044 806 1932 3908 5339 3769 3094 7279 2689 8108 5647 566 465 8115 6907 9392 563
25 5402 6735 5182 9872 403 5962 8312 6898 5389 9185 9335 6636 6736 653 1404 182 1952 1350 6674 4561 4103 9478 3810 9509 5071
24 2774 6741 9705 832 7096 9156 4244 9143 4473 453 8076 3700 2542 9455 9094 4284 1202 8648 6511 1653 324 1333 9232 3161
25 1724 3849 6473 3566 4639 6672 4113 6451 5464 4789 5093 309 4513 4110 2707 6183 1320 5011 1488 8552 8870 5080 6725 9663 9515
25 8213 8774 4558 208 4713 8164 2766 65 6799 2129 786 814 7590 6626 4131 4447 8598 6788 9782 1210 2818 9381 6274 2171 9723
25 7849 3601 4207 6538 7777 9424 1799 395 3356 9774 9079 7800 5595 3768 1927 2439 5209 540 9650 1939 9796 4530 5250 8200 7678
25 4586 5996 6327 4544 300 3930 6161 9934 4033 6552 4452 2757 5111 3109 7919 8456 1868 54 7906 1074 1144 4900 2759 408 5226
25 6418 245 7312 8155 7448 3133 6218 501 6415 3351 3455 4322 9344 4783 6017 4132 7946 8877 8363 8001 21 4569 7784 7671 1844
24 6843 9985 665 3116 5713 7515 3505 484 5880 2231 8969 2242 8778 9161 3431 5555 6621 4600 7518 8095 686 6868 6630 6665
25 3168 9602 5955 7922 4605 5087 6905 2383 9779 2956 7653 9431 2303 7596 466 7902 8294 6685 2100 6559 2124 2285 5764 8245 5091
25 2507 6304 3632 6652 6380 294 4784 3597 2959 3473 7099 2447 2553 3096 5784 7539 111 8168 790 8087 538 3227 5604 9999 7632
25 8509 2681 4807 5656 177 9151 8316 1840 9302 1154 3237 9688 7675 3089 6383 8515 5252 9486 6881 9558 1006 2670 5294 9519 9504
25 2828 3176 5957 6305 5724 3434 1104 7525 9490 4549 1827 8697 5203 2666 9040 2987 1231 4134 7228 8838 1819 1229 6226 594 3936
25 8587 5089 1843 6575 91 9440 463 8225 5472 4323 5068 6175 2617 5392 4229 1390 8753 9781 7649 3514 1781 7836 6616 854 6377
25 9733 8548 1260 1977 1509 2095 4302 4515 7220 2994 8476 1696 1707 1107 3348 5515 7983 598 9717 1701 7090 464 6416 798 9377
25 1332 4910 5663 3879 8785 74 4117 4821 11 3299 7137 272 827 8287 1798 7821 4813 8371 2814 3559 7795 9578 8934 388 4793
25 6965 8203 533 6705 3775 5603 8103 7341 4899 1145 8197 7302 1329 3884 8751 191 7427 5964 4025 9764 181 5373 3742 1186 7025
25 1227 530 4826 671 64 7066 30 2229 8470 8656 3873 5490 3630 5916 5454 2262 5429 8320 5494 9639 2240 7189 5394 437 2718
25 6044 2511 6922 2997 6346 7555 3859 5768 2535 3808 1382 456 2974 4081 6284 1507 1482 9493 6151 1137 4158 1354 946 4022 3491
25 6656 2230 4863 5352 4017 8485 7794 6683 8307 6459 370 8583 4917 8600 8639 7660 7079 8717 8576 5508 8798 4678 4939 799 8965
24 6694 7406 2497 1910 2802 4776 2206 6596 1741 4903 2348 4732 3018 7185 7667 8423 6598 7413 4641 6720 5980 3889 1682 9750
25 3697 5006 9680 7208 6989 2453 6393 3845 7394 8917 8442 6376 8354 3563 6330 9243 3003 9336 6434 392 8874 2018 3964 6855 8773
25 19 7585 7323 1106 3970 3675 1752 8743 1029 5233 9194 1224 6328 44 6508 555 1086 5599 4431 9787 2049 6104 5391 3111 5982
25 8564 4194 3050 3038 2745 7812 281 3269 6378 5640 2996 3353 3897 5078 5588 4183 9013 2594 4741 1935 2004 8702 4012 2777 872
25 5222 513 3605 507 5082 7558 9980 1774 1756 537 8992 4684 2419 8604 1737 4545 7888 2879 3390 1473 9638 680 6217 995 180
25 1794 8574 2856 9610 7263 6188 52 4628 4851 1753 8381 3159 3670 5275 3803 4010 8398 3417 2936 7714 5665 8121 5164 137 5991
25 7293 7319 6069 3453 6313 156 9482 4690 8775 4746 184 1618 7168 4216 3934 5127 6421 3143 2656 2310 9903 73 1088 1433 6753
25 8630 6804 8133 7174 8324 6946 6379 6857 4009 1047 4276 8889 6691 9174 2792 5634 3250 5623 9909 9721 8301 1808 7926 350 8071
25 6269 9316 8554 2999 8378 1700 3466 3963 2935 4878 1901 420 6054 6233 2069 5871 5685 6070 2456 3892 7878 550 8230 3833 3341
25 2603 5369 7867 4318 6719 7604 3085 8366 1071 4251 9661 3448 2097 2650 885 4129 5407 5003 2970 5939 1772 2173 9817 2977 7270
24 8787 2742 6186 4029 6213 4278 9859 1861 4773 4912 7723 1485 3943 5206 8393 4509 4463 4972 7719 1082 7775 446 6320 5281
25 7140 2957 780 6523 708 2035 5709 9362 4682 9384 5157 8844 7887 1413 5927 3604 2098 7026 2329 7133 9304 702 31 2007 7325
24 1883 3865 7102 9538 2404 2290 4211 3556 7645 1953 7418 1265 7240 3933 8066 7681 8507 4697 7311 8057 9770 928 8340 4604
25 4536 8447 3475 1685 3949 461 4787 1368 9351 4407 8141 5007 1361 9173 460 9854 7416 9189 3046 6242 6453 7259 8173 9609 2430
25 7709 8462 5920 5621 2473 5861 8288 779 8974 4067 5729 7371 5832 4748 1241 3464 4399 1899 8411 6750 3478 6543 9403 7153 9954
25 7064 206 9951 3663 9684 3609 6915 4394 112 8593 1604 6281 2257 7895 5618 7261 1495 6482 9081 6999 2433 7242 8430 3163 2758
25 1879 1121 6749 330 1369 353 2397 2621 8976 276 2721 8234 4932 4961 1571 7523 810 3762 749 2462 7352 4992 9748 3388 2939
24 8783 5890 6316 6985 7730 7769 5256 9987 8291 1065 8920 94 7942 2469 6419 6468 9266 3533 393 406 762 7476 5021 3028
25 1447 4794 4016 100 6422 7715 1504 4248 2633 809 9629 1650 8461 3642 1556 8046 7290 4310 1454 4911 2645 8986 4698 4361 6517
25 6189 697 8766 9819 8695 6593 4564 2835 6353 8997 7365 2739 451 2826 4151 452 4408 3080 4364 3637 4955 6256 6622 6793 2053
24 4873 6296 417 9179 1239 3099 7045 6722 1834 1905 701 1853 6660 7 4402 1298 7044 4305 3400 7758 7627 1551 2851 6745
25 3546 4112 6842 7092 9273 4969 5684 6883 3593 4919 3397 6055 496 781 3243 9808 223 4905 9993 795 2169 2857 7658 7483 3202
25 2424 4109 2992 4035 8523 3952 3394 4685 3428 7286 9886 5456 9531 2890 3980 140 2521 4785 7673 5265 1559 7059 4439 3252 1135
25 9820 6164 6710 169 2187 9028 9328 9240 5143 2396 7098 2215 3385 654 7980 5814 8142 6895 5973 8098 4857 967 2677 4810 8192
25 3008 6206 5888 6182 2578 1475 6925 9574 5582 4985 9239 2687 9802 931 1258 2624 2458 4445 9818 170 3204 243 5384 8679 1817
25 5227 6307 3938 3789 9195 5009 1930 7624 918 4237 9828 3376 5947 404 8256 9200 8183 5413 9102 9599 3619 8113 4470 7940 4027
24 9166 608 7737 6034 5838 8800 3874 7866 5262 1796 6734 4754 4889 9448 6408 8092 9154 2302 7996 2243 8923 2330 2481 1002
24 2296 9813 6409 6119 2076 8644 7145 4453 6234 9183 8283 5611 5277 571 4427 5264 5667 662 6046 558 1038 4152 7176 6600
25 7455 3104 8803 8112 4862 934 1364 3924 6982 9428 3660 359 4166 2201 6760 4416 5463 5053 5446 6458 8957 1709 6495 9921 8227
25 3049 200 7085 9681 9265 9388 8691 202 2501 9727 7853 6628 3344 7979 3653 7740 2361 2683 587 6271 9430 5561 5008 5382 2176
25 7810 4164 3554 6026 5837 1595 130 5305 3847 7217 125 1606 5355 3440 9745 3248 9676 4242 4768 2071 1020 9658 4844 4476 3321
24 5971 6875 3921 2180 2852 1768 833 8428 9139 6940 1719 4478 2699 2872 7159 9203 7214 3310 3518 8185 6479 18 5197 5562
25 6139 6155 2881 6357 6009 4089 3673 8918 8872 5976 4694 487 347 9995 2083 3683 7603 9290 6664 3284 8350 9608 8809 4523 8890
24 8878 2425 1465 4595 7761 9073 8339 2452 2861 293 1941 4946 3223 3226 68 1253 8162 1972 298 2284 189 3737 5255 7122
25 7186 1588 1550 3057 560 4441 6677 3750 3661 9278 2016 8345 8318 8977 6592 9339 5785 7163 431 2091 8441 3081 8481 584 3708
25 6502 4661 6425 5422 9645 1458 7843 7754 1337 4460 5625 4850 1687 8643 7828 6828 265 2554 5874 321 8619 9861 230 1442 9803
25 7435 7224 3375 7494 1474 8686 1271 8027 6423 5309 6803 703 8233 9107 5974 2503 9690 5077 9259 2697 2368 1132 6170 8982 8563
25 6485 5517 9562 3051 3117 9248 8109 6157 5083 77 5367 2500 878 7244 6472 3254 1728 2253 5855 6405 8147 7267 1940 7239 978
25 3333 5049 1503 5642 7171 5899 5534 4221 3251 6996 7839 3076 2674 8349 573 2339 6317 5659 1892 590 1646 4231 8568 576 8306
25 8086 8370 448 3537 2394 485 6103 8547 736 5417 6332 7661 3383 6531 960 9373 8352 2428 5825 325 7825 2933 1847 636 8824
25 8149 8328 6021 4372 2673 462 5099 1911 5023 6778 9930 8280 5119 9352 725 4743 1895 2908 2694 1962 8740 4204 9153 1763 3358
24 9913 3602 3740 1331 7837 7592 6642 527 3447 8863 6429 4771 192 2120 1184 4791 1641 5923 6931 926 4548 1087 2593 9483
25 5343 6004 5712 2060 7043 254 3584 2089 4279 4368 6948 5106 9323 1268 1928 5075 2827 750 5889 3363 6795 7200 6152 2112 1399
24 1407 3989 5686 9527 5088 1160 9881 1656 6047 1277 3511 5614 7060 5438 6278 3071 6285 4886 1983 8770 5652 8153 5147 229
24 8932 277 8219 1102 8665 969 6345 4499 3714 2947 841 1373 7868 8315 7827 1156 7269 7814 1865 9736 5320 6887 3778 4052
24 8758 4867 6771 4986 2362 4895 6041 6389 1831 771 5810 7855 1401 5266 1517 4240 1403 5150 5536 3975 7252 767 4373 3362
25 6607 4635 5892 5291 6407 1257 8159 5208 282 1050 7179 2873 5993 9041 5056 4199 9067 756 4049 5666 2822 8202 285 5296 6190
25 2324 4184 9757 7579 4099 8257 377 8911 3999 1649 8689 6077 8052 7264 5609 2798 2252 8260 3863 8337 43 1554 3297 7196 4887
25 8484 9556 6413 2323 6089 106 9268 1907 304 1668 6483 6347 6370 2533 5800 6011 2865 8893 8308 7741 1525 4991 1216 264 9927
25 1269 1697 7172 1913 5241 949 2393 959 357 4388 3142 6014 1950 8744 5142 1366 4269 4563 2794 7023 5723 3611 8080 6910 6686
25 1838 2523 9586 4940 1745 8782 3799 8627 9421 515 4619 7032 9855 2820 2744 5657 9390 9552 6282 7498 1579 6431 9784 1015 306
25 5245 965 4410 753 3290 105 9082 9157 3470 5243 3567 6675 6869 1917 5752 2716 7960 3041 6676 3724 1343 4936 8819 1706 7468
25 9405 9469 5620 5601 3513 6659 4767 5411 3449 4092 4280 27 2672 6524 167 5560 9057 8384 8372 7989 33 4241 5062 2678 4411
24 5727 8073 601 4652 5830 553 6885 7384 4518 4136 9086 7400 9096 4271 5691 79 6300 4335 2312 3682 7031 1893 8606 9019
25 6529 6239 1580 5069 8938 4247 1531 3436 9941 4429 1057 2150 1434 721 1793 6947 5942 7991 1602 8752 7078 2923 4412 9436 7206
25 6654 6192 9549 1884 9158 8542 4449 9038 4688 7552 1493 1388 2868 765 4926 644 7917 9210 2715 391 6260 5412 8231 6208 1855
24 1414 874 6058 7246 3418 6094 3735 2309 9043 7505 2294 5448 160 2427 7963 3219 5 4308 5977 1055 9376 7536 8348 211
25 658 9012 4088 2464 1494 9505 865 4426 1747 22 4739 9958 5706 2058 1526 2870 3274 5239 4649 59 7467 9798 7068 5679 203
24 9046 4196 6742 6196 5170 9641 4159 5041 7651 5548 3961 2590 3587 6095 8777 4484 8836 3641 7001 8120 626 8473 7947 6547
25 1637 9282 8419 8854 1181 9952 2846 1255 1395 4993 3242 6471 1446 6050 6929 9885 899 3923 6080 5790 9615 2706 6614 693 7804
